3 8
3 30
4 50
5 60
5 5
1 1000000000
1 1000000000
1 1000000000
1 1000000000
1 1000000000
6 15
6 5
5 6
6 4
6 6
3 5
7 2
100 100000
3 30000
40 5000
50000 600
300 30000
4000 5000
5 600
7000 600
5300 600
53434 600
5000 600
3 30000
40 5000
50000 600
300 30000
4000 5000
5 600
7000 600
5300 600
53434 600
5000 600
3 30000
40 5000
50000 600
300 30000
4000 5000
5 600
7000 600
5300 600
53434 600
5000 600
3 30000
40 5000
50000 600
300 30000
4000 5000
5 600
7000 600
5300 600
53434 600
5000 600
3 30000
40 5000
50000 600
300 30000
4000 5000
5 600
7000 600
5300 600
53434 600
5000 600
3 30000
40 5000
50000 600
300 30000
4000 5000
5 600
7000 600
5300 600
53434 600
5000 600
3 30000
40 5000
50000 600
300 30000
4000 5000
5 600
7000 600
5300 600
53434 600
5000 600
3 30000
40 5000
50000 600
300 30000
4000 5000
5 600
7000 600
5300 600
53434 600
5000 600
3 30000
40 5000
50000 600
300 30000
4000 5000
5 600
7000 600
5300 600
53434 600
5000 600
3 30000
40 5000
50000 600
300 30000
4000 5000
5 600
7000 600
5300 600
53434 600
5000 600